Name = "KM3DOM";
DetectionUnitType="DOM";
PhotoTubeName = "3inches";
Prefix = "DOM";
SphereRmax       = 215.9;
//https://drive.google.com/open?id=0B-oDhZjfBP59b0Zwa0c1dFhNTXM
//Nautilus "6500m depth sphere" has 14 mm thinckness
GlassThickness   = 14;
DistSpherePMT    = 2;
GelMaterial = "WackerSilGel612_A100B67";

CheckOverlaps = false;

AreThereReflectors = true;
ReflectorAngle     = 48.33;
ReflectorDistGlass = 1.7;
ReflectorThickness = 12;
ReflectorRadiusMin = 40.25;

/*GelMaterial = "IdealWater";
GlassMaterial = "IdealWater";
AbsMaterial = "IdealWater";*/
BentoSurface = "BentoSurf";

//PMTs in the official position.
PMTPositions =([0.9824,-1.5708]
            ,[1.2713,-3.1416],[1.2713,-2.0944],[1.2713,-1.0472],[0.9824,-0.5236],[0.9824,-2.6180],[1.2713,0.0000]
            ,[0.9824,-3.6652],[0.9824,0.5236],[0.9824,1.5708],[1.2713,1.0472],[1.2713,-4.1888],[1.8703,1.5708]
            ,[2.1592,1.0472],[2.5868,1.5708],[1.8703,0.5236],[1.8703,-3.6652],[2.1592,-4.1888],[2.5868,-3.6652]
            ,[2.5868,0.5236],[2.1592,-3.1416],[2.1592,0.0000],[3.1416,0.0000],[1.8703,-0.5236],[2.5868,-1.5708]
            ,[2.5868,-0.5236],[2.5868,-2.6180],[1.8703,-2.6180],[2.1592,-2.0944],[2.1592,-1.0472],[1.8703,-1.5708]
            );

/*PMTPositions =([0.,0.]
             ,[0.56,0.524], [0.56,1.571],[0.56,2.62],[0.56,3.665],[0.56,4.712],[0.56,5.76]
             ,[0.98,0.],[0.98,1.047],[0.98,2.094],[0.98,3.142], [0.98,4.1889],[0.98,5.236]
             ,[1.27,0.524], [1.27,1.571],[1.27,2.62],[1.27,3.665],[1.27,4.712],[1.27,5.76]
             ,[1.872,5.236],[1.872,0.],[1.872,1.047],[1.872,2.094],[1.872,3.142],[1.872,4.1889]
             ,[2.162,5.76],[2.162,0.524],[2.162,1.571],[2.162,2.62],[2.162,3.665],[2.162,4.712]
             );*/

             /*([0.,0.]
             ,[0.56,0.], [0.56,1.047],[0.56,2.094],[0.56,3.142],[0.56,4.1889],[0.56,5.236]
             ,[0.98,0.524],[0.98,1.571],[0.98,2.62],[0.98,3.665], [0.98,4.712],[0.98,5.76]
             ,[1.27,0.], [1.27,1.047],[1.27,2.094],[1.27,3.142],[1.27,4.1889],[1.27,5.236]
             ,[1.872,0.524],[1.872,1.571],[1.872,2.62],[1.872,3.665],[1.872,4.712],[1.872,5.76]
             ,[2.162,0.],[2.162,1.047],[2.162,2.094],[2.162,3.142],[2.162,4.1889],[2.162,5.236]
             );*/
